0.118094568571755
0.000000000000000
0.095379549358459
0.000000000000000
0.050259458332591
0.000000000000000
-0.018576526646538
0.000000000000000
-0.114764547797710
0.000000000000000
-0.233505614261649
0.000000000000000
-0.355862198175449
0.000000000000000
-0.452849991749260
0.000000000000000
-0.497490850905615
0.000000000000000
-0.477049413926973
0.000000000000000
-0.397356701534159
0.000000000000000
-0.278205005470294
0.000000000000000
-0.145363538073984
0.000000000000000
-0.024253889935905
0.000000000000000
0.064730510255157
0.000000000000000
0.111307593304746
0.000000000000000
0.290217902875958
0.000000000000000
0.176574829627666
-0.000000000000000
0.192852607939743
0.000000000000000
0.219035715823804
-0.000000000000000
0.120171079390300
-0.000000000000000
-0.148331947466448
-0.000000000000000
-0.536795911449844
-0.000000000000000
-0.886129820456300
-0.000000000000000
-1.022421252640472
0.000000000000000
-0.902605280401890
0.000000000000000
-0.613332617519131
0.000000000000000
-0.272603703909419
0.000000000000000
0.043814075533863
0.000000000000000
0.310466457406069
0.000000000000000
0.474924208770646
0.000000000000000
0.453023842277581
0.000000000000000
-0.016796642400911
0.000000000000000
-0.225929826673044
0.000000000000000
0.068905446998260
0.000000000000000
0.304804027035432
0.000000000000000
0.287181846216038
0.000000000000000
0.073579142593143
0.000000000000000
-0.411723633985655
-0.000000000000000
-0.915734956280790
-0.000000000000000
-1.025106272750359
-0.000000000000000
-0.740154851387587
-0.000000000000000
-0.288122558099553
-0.000000000000000
0.125120653265396
-0.000000000000000
0.331710553723324
-0.000000000000000
0.465390360386665
-0.000000000000000
0.639431714794147
-0.000000000000000
0.498405905556075
0.000000000000000
-0.296676856185319
0.000000000000000
-0.510772926967373
0.000000000000000
0.123319920957664
-0.000000000000000
0.236447117693715
-0.000000000000000
0.086836885944962
-0.000000000000000
0.141613004143145
-0.000000000000000
-0.155917643434786
-0.000000000000000
-0.599364321770924
-0.000000000000000
-0.560887918844320
-0.000000000000000
-0.255579531980265
0.000000000000000
0.126286620706518
0.000000000000000
0.588161026861048
0.000000000000000
0.562220425430034
0.000000000000000
0.286525939291032
0.000000000000000
0.484967617916953
0.000000000000000
0.483118745221328
-0.000000000000000
-0.148917275121659
0.000000000000000
-0.346998006231788
0.000000000000000
0.416382407394844
0.000000000000000
0.011042815408724
0.000000000000000
-0.372231404572488
0.000000000000000
-0.012737219614577
0.000000000000000
-0.037157406697642
-0.000000000000000
-0.231962954979693
-0.000000000000000
-0.005300089332139
-0.000000000000000
0.057008927884732
-0.000000000000000
0.036601216949822
-0.000000000000000
0.610799012263815
-0.000000000000000
0.536454965419258
-0.000000000000000
-0.147897973462624
-0.000000000000000
0.100385369410754
-0.000000000000000
0.586963182182163
-0.000000000000000
0.214032116368501
0.000000000000000
-0.057339229707209
0.000000000000000
0.524374677644826
0.000000000000000
-0.316073091603988
0.000000000000000
-0.590974775400511
0.000000000000000
-0.196870430033962
0.000000000000000
-0.188772493316445
-0.000000000000000
-0.064856616971005
-0.000000000000000
0.309694939927313
0.000000000000000
0.125207799319515
-0.000000000000000
-0.421604218329753
-0.000000000000000
0.136833181632114
-0.000000000000000
0.164541674646076
-0.000000000000000
-0.608336542406995
-0.000000000000000
-0.337079694751397
0.000000000000000
0.655647156560142
0.000000000000000
0.292326720408147
0.000000000000000
-0.002196987914134
0.000000000000000
0.275082765620375
0.000000000000000
-0.563123598267056
0.000000000000000
-0.285240647131398
0.000000000000000
-0.256489098456520
0.000000000000000
-0.491126097967889
0.000000000000000
-0.105035878062179
0.000000000000000
0.284069882709648
0.000000000000000
0.196737888994441
-0.000000000000000
-0.587134492426465
-0.000000000000000
-0.305863181747724
-0.000000000000000
-0.297333753185333
-0.000000000000000
-0.820923724475779
-0.000000000000000
-0.629465516494780
-0.000000000000000
0.418073441461256
-0.000000000000000
-0.004642881154408
0.000000000000000
-0.000533656034051
0.000000000000000
0.080379478576173
0.000000000000000
-0.588076647599728
0.000000000000000
0.213548688481112
0.000000000000000
-0.239990948223092
0.000000000000000
-0.656651493784601
0.000000000000000
-0.136903899125752
-0.000000000000000
0.060620817627731
-0.000000000000000
0.327191474708444
-0.000000000000000
-0.241292008545378
-0.000000000000000
-0.242645522943847
-0.000000000000000
-0.403633543414225
-0.000000000000000
-0.636540410823012
-0.000000000000000
-0.645605485927597
-0.000000000000000
-0.079776818100156
-0.000000000000000
-0.271017489390611
0.000000000000000
0.284295885096379
0.000000000000000
0.278176560167058
0.000000000000000
-0.484141999871048
0.000000000000000
0.380921016383979
0.000000000000000
-0.207527947070514
0.000000000000000
-0.475441473161780
0.000000000000000
0.043777408722526
-0.000000000000000
-0.073156629884273
-0.000000000000000
0.341002204868495
-0.000000000000000
0.115010731750034
-0.000000000000000
0.146964752885822
-0.000000000000000
-0.074473200813526
-0.000000000000000
-0.229246966416746
-0.000000000000000
-0.431924680403882
-0.000000000000000
-0.447028503567912
0.000000000000000
-0.206306754523766
0.000000000000000
0.653851512349304
0.000000000000000
0.529809086825441
0.000000000000000
-0.461001369522564
0.000000000000000
0.183894188468635
0.000000000000000
-0.068552887438041
0.000000000000000
-0.045118905997252
0.000000000000000
0.359266305664250
-0.000000000000000
0.066933105928656
-0.000000000000000
0.225298577672797
-0.000000000000000
0.038664400624655
-0.000000000000000
0.286432985516569
-0.000000000000000
0.205568562836458
-0.000000000000000
-0.031495967565430
-0.000000000000000
-0.209473974208092
-0.000000000000000
-0.399829446722151
0.000000000000000
0.008112869030984
0.000000000000000
0.566183901595326
0.000000000000000
0.287773726088932
0.000000000000000
-0.545418885804946
0.000000000000000
0.046569850126251
0.000000000000000
0.218334080379712
-0.000000000000000
0.248043743409847
-0.000000000000000
0.441805107149808
-0.000000000000000
0.313105483550469
-0.000000000000000
0.185772966958132
-0.000000000000000
-0.245794779307502
-0.000000000000000
-0.025916402603316
-0.000000000000000
-0.016731393907681
-0.000000000000000
-0.282904043499668
0.000000000000000
-0.160502670571511
0.000000000000000
-0.077279895755260
0.000000000000000
0.080643128813306
0.000000000000000
-0.008376642601526
0.000000000000000
-0.337374296086705
0.000000000000000
-0.550481583296022
0.000000000000000
0.176656121420063
0.000000000000000
0.413810198759691
-0.000000000000000
0.068286345088422
0.000000000000000
0.010028021253346
0.000000000000000
0.268636057860787
-0.000000000000000
0.258416741453804
-0.000000000000000
-0.268400782857453
-0.000000000000000
-0.376070185536499
-0.000000000000000
-0.502186410957630
-0.000000000000000
-0.664436537834673
-0.000000000000000
-0.196915285377546
0.000000000000000
0.206454865705121
0.000000000000000
0.093418186572811
-0.000000000000000
-0.409134756283206
-0.000000000000000
-0.652601871031601
-0.000000000000000
-0.358644977297458
0.000000000000000
0.293353867990696
0.000000000000000
0.231828811571641
-0.000000000000000
-0.485880369268427
0.000000000000000
-0.719107345573622
0.000000000000000
-0.187170678084840
0.000000000000000
0.211589406606505
0.000000000000000
-0.008591546883387
0.000000000000000
-0.308566267018734
-0.000000000000000
-0.574732626954393
0.000000000000000
-0.593406569588176
0.000000000000000
-0.038208255731838
0.000000000000000
0.385028404192070
0.000000000000000
0.317588553658155
0.000000000000000
-0.150459235924548
-0.000000000000000
-0.317883751728839
0.000000000000000
-0.075561631278047
0.000000000000000
0.155235798441401
0.000000000000000
-0.187671587720339
-0.000000000000000
-0.889242955507327
-0.000000000000000
-1.122036524668297
-0.000000000000000
-0.628063318651379
-0.000000000000000
-0.013910073468815
-0.000000000000000
0.201725154060076
-0.000000000000000
0.110012599532835
-0.000000000000000
-0.029842959135397
0.000000000000000
0.049033365853476
0.000000000000000
0.407526387363670
0.000000000000000
0.607635996174095
0.000000000000000
0.658725860113380
0.000000000000000
0.407502658101533
-0.000000000000000
0.236441633389037
-0.000000000000000
0.158656252179236
0.000000000000000
0.015025652892876
-0.000000000000000
-0.312745345256793
-0.000000000000000
-0.678795799802611
-0.000000000000000
-0.782919772327771
-0.000000000000000
-0.519088630172895
-0.000000000000000
-0.085433112678917
-0.000000000000000
0.265555500084796
-0.000000000000000
0.455852165581208
-0.000000000000000
0.561646358454639
0.000000000000000
0.682210352794242
0.000000000000000
0.812761877371539
0.000000000000000
0.829149253938025
0.000000000000000
0.652307138449011
0.000000000000000
0.566682868401483
0.000000000000000
0.461667487203012
-0.000000000000000
0.346711478456192
-0.000000000000000
0.228690760561270
-0.000000000000000
0.121719237270364
-0.000000000000000
0.051594987429287
-0.000000000000000
0.044561572300992
-0.000000000000000
0.108565334439212
-0.000000000000000
0.225979412109451
-0.000000000000000
0.364845906765868
-0.000000000000000
0.496468227940387
-0.000000000000000
0.603938652922122
-0.000000000000000
0.678739071288428
0.000000000000000
0.714189739520021
0.000000000000000
0.704938139522506
0.000000000000000
